attention_mask: [[ True  True  True ... False False False]
 [ True  True  True ... False False False]
 [ True  True  True ... False False False]
 ...
 [ True  True  True ...  True False False]
 [ True  True  True ...  True  True False]
 [ True  True  True ...  True  True  True]]


labels: [  -100   -100   -100   -100   -100   -100   -100   -100   -100   -100
   -100   -100   -100   -100   -100   -100   -100   -100   -100   -100
   -100   -100   -100   -100   -100   -100   -100   -100   -100   -100
   -100   -100   -100   -100   -100   -100   -100   -100   -100   -100
   -100   -100   -100   -100   -100   -100   -100   -100   -100   -100
   -100   -100   -100   -100   -100   -100   -100   -100   -100   -100
   -100   -100   -100   -100   -100   -100   -100   -100   -100   -100
   -100   -100   -100   -100   -100   -100   -100   -100   -100   -100
   -100   -100   -100   -100   -100   -100   -100   -100   -100   -100
   -100   -100   -100   -100   -100   -100   -100   -100   -100   -100
   -100   -100   -100   -100   -100   -100   -100   -100   -100   -100
   -100   -100   -100   -100   -100   -100   -100   -100   -100   -100
   -100   -100   -100   -100   -100   -100   -100   -100   -100   -100
   -100   -100   -100   -100   -100   -100   -100   -100   -100   -100
   -100   -100   -100   -100   -100   -100   -100   -100   -100   -100
   -100   -100   -100   -100   -100   -100   -100   -100   -100   -100
   -100   -100   -100   -100   -100   -100   -100   -100   -100   -100
   -100   -100   -100   -100   -100   -100   -100   -100   -100   -100
   -100   -100   -100   -100   -100   -100   -100   -100   -100   -100
   -100   -100   -100   -100   -100   -100   -100   -100   -100  90400
 127181 241256 236945  65683 236945  57189  22925  55992 237051 238118
   8059  61235 237116 236951  46179 240170 243636 237122  26599  10573
 236769   1393 236771 236778 236771 236768      1   -100   -100   -100
   -100   -100   -100   -100   -100   -100   -100   -100   -100   -100
   -100   -100   -100   -100   -100   -100   -100   -100   -100   -100
   -100   -100   -100   -100   -100   -100   -100   -100   -100   -100]


label_ids_str: プラスチック札の衣服のブランドPinロックをハングさせるか、または浮彫りになる方法(ST020)


preds: [   753  26788  53631    825  21387  51934 236743 236772 236770 236755
   4674 236755 236755 236755 236778 236770 236743 236743 209432 236772
   1063   4674    872   2918 236743 236767  12511 239546 236778  42509
 236743    971    833    753 236881    753    108 236748    753    108
   1509    872    108 236768    825    854 121129    783    753    825
  17540   1475    108    753 236743 236881   2827 236748   1553 236743
 236743 236743 236881 236743    753  17556 236743 236743 232816    965
 236743   1295  91409 236746   6099 236809 236743 236809    984 236748
 236743   5827   8643 236746 236881 236743 236761   3060 236743  11640
 236772 236743    516   3912 236772    825  50508 236779 236746 236743
 236743 236755   1509 236752    753 236743 236780  17827   4166 236746
 236748 236953 236777 236770 236772 236771 236778 236761  17758 160731
   1558 236743 236746 236746 236748  25133 132743 236881 236881    806
 236746    783   1048  97501   4166 236761    753 236881   5827   4674
 236755 236806   3921 236881   4166   1509 236755 236881   3912   2811
 236809 236772 165426 236755 236770 236748 236881 236746 236746 236748
 236761   2811 236761  91409 236809 236748   3840    522    690 236748
 236748 236881   2811   2811 236748 236881 236809 236881    516 236755
   9521   2811 236743 236881   2811  53473 132743   1553 236780  38188
 236770   1558   8571 236755 236809    532 236743   1509 236772 236760
 236755 236778 237122 236770  78522 204571  42509  69608 236771 110616
 236786 236881 240558   2811   1289  81429    108 236881 236770 236770
 236761 236755 236743 236770 236761 220257 236770 236743  13850 236743
 236743  13850  13850  13850  13850 236945 236945 236945   4628    825
    825 236945    825 236945 236945 236746  92788 236945    825 236945
 236945    825    825    825    825    825 185795    825    825    825]


input_ids: [     2  21151    696    107  90400 127181 241256 236945  65683 236945
  57189  22925  55992 237051 238118   8059  61235 237116 236951  46179
 240170 243636 237122  26599  10573 236769   1393 236771 236778 236771
 236768      0      0      0      0      0      0      0      0      0
      0      0      0      0      0      0      0      0      0      0
      0      0      0      0      0      0      0      0      0      0
      0      0      0      0]


input_ids_str: caption en
プラスチック札の衣服のブランドPinロックをハングさせるか、または浮彫りになる方法(ST020)


labels_ignore_image: [  -100   -100   -100  90400 127181 241256 236945  65683 236945  57189
  22925  55992 237051 238118   8059  61235 237116 236951  46179 240170
 243636 237122  26599  10573 236769   1393 236771 236778 236771 236768
      1   -100   -100   -100   -100   -100   -100   -100   -100   -100
   -100   -100   -100   -100   -100   -100   -100   -100   -100   -100
   -100   -100   -100   -100   -100   -100   -100   -100   -100   -100
   -100   -100   -100   -100]


preds_ignore_image: [236743   1509 236772 236760 236755 236778 237122 236770  78522 204571
  42509  69608 236771 110616 236786 236881 240558   2811   1289  81429
    108 236881 236770 236770 236761 236755 236743 236770 236761 220257
 236770 236743  13850 236743 236743  13850  13850  13850  13850 236945
 236945 236945   4628    825    825 236945    825 236945 236945 236746
  92788 236945    825 236945 236945    825    825    825    825    825
 185795    825    825    825]















attention_mask: [[ True  True  True ... False False False]
 [ True  True  True ... False False False]
 [ True  True  True ... False False False]
 ...
 [ True  True  True ...  True False False]
 [ True  True  True ...  True  True False]
 [ True  True  True ...  True  True  True]]


labels: [  -100   -100   -100   -100   -100   -100   -100   -100   -100   -100
   -100   -100   -100   -100   -100   -100   -100   -100   -100   -100
   -100   -100   -100   -100   -100   -100   -100   -100   -100   -100
   -100   -100   -100   -100   -100   -100   -100   -100   -100   -100
   -100   -100   -100   -100   -100   -100   -100   -100   -100   -100
   -100   -100   -100   -100   -100   -100   -100   -100   -100   -100
   -100   -100   -100   -100   -100   -100   -100   -100   -100   -100
   -100   -100   -100   -100   -100   -100   -100   -100   -100   -100
   -100   -100   -100   -100   -100   -100   -100   -100   -100   -100
   -100   -100   -100   -100   -100   -100   -100   -100   -100   -100
   -100   -100   -100   -100   -100   -100   -100   -100   -100   -100
   -100   -100   -100   -100   -100   -100   -100   -100   -100   -100
   -100   -100   -100   -100   -100   -100   -100   -100   -100   -100
   -100   -100   -100   -100   -100   -100   -100   -100   -100   -100
   -100   -100   -100   -100   -100   -100   -100   -100   -100   -100
   -100   -100   -100   -100   -100   -100   -100   -100   -100   -100
   -100   -100   -100   -100   -100   -100   -100   -100   -100   -100
   -100   -100   -100   -100   -100   -100   -100   -100   -100   -100
   -100   -100   -100   -100   -100   -100   -100   -100   -100   -100
   -100   -100   -100   -100   -100   -100   -100   -100   -100 236778
 236771 236770 236825    593  85791  51246   5711    669  16617   9928
 236799 236743 236810  16109    783 236819 236819 236819  30794  18663
  39936      1   -100   -100   -100   -100   -100   -100   -100   -100
   -100   -100   -100   -100   -100   -100   -100   -100   -100   -100
   -100   -100   -100   -100   -100   -100   -100   -100   -100   -100
   -100   -100   -100   -100   -100   -100   -100   -100   -100   -100]


label_ids_str: 2016 P Theodore Roosevelt America The Beautiful ATB 5 oz .999 Fine Silver Coin


preds: [236888 236761 236888 236888 236743 236888 236888    108 237000 236743
 236743 236757 237354 236743    108 236743 236888 139977    108    108
 236888 236888 236888    786 236743 236743 236761 236743 236888    108
    786 236888    108    108 236888 237264 236888    753    108    108
 236757    786    108    108 236888 236888 237354 237354    108    108
    108 236743 236888    108    108 236743    108    108    108    108
   1336    108 236888    108    108    108 236772 236951    108  54272
    108 236743    108 237264    108 237264 236743 237264 237264    786
    568    786 236743 236888 236743    108    108    108    108    786
    108 236743    108 236743    786  50147 236743 236761    108  28866
 238891 236743 236945 237354 236757    108   1392    108  73754 236772
 236743 236757    786 236888 236743 236743 236743 236743 108892    108
    753 236743 236743    108 236888 236743    108 152861 237058    108
    108 236743 108892    826 237691    108 236945    108    108 237103
 158931 158931    108 134463  15328   8978    108 108892   8978    108
 236761    108    108 236743 237881    108 237881 238038  39650    108
   3048 178436 236995 236888 236772 181436 237630 236743 237058 237058
    108    108 236888    108  51953 181495 108892    107    107 236951
    495  73754  51953   1041 236757    107    573 108892 236757 236757
 236945 236743    107    107 236761 236743 236777    786    107    465
 236787 236743 236761   4941 236761  51246 236764 236789 236743 236743
 236888 236761 236778 236810 236761    108 236810 236743 236743 236755
 236769    528 236888 236888 236888 236772 236888 236888 236888 236888
 236772    528 236888    528 236888 236888 236888 236764 236761 236829
   1056 236888 236888 236888 236888 236761 236761 236761    506 236789
 236888 236888 236888 236764 236888    506 236945 236888 236888 236888]


input_ids: [     2  21151    696    107 236778 236771 236770 236825    593  85791
  51246   5711    669  16617   9928 236799 236743 236810  16109    783
 236819 236819 236819  30794  18663  39936      0      0      0      0
      0      0      0      0      0      0      0      0      0      0
      0      0      0      0      0      0      0      0      0      0
      0      0      0      0      0      0      0      0      0      0
      0      0      0      0]


input_ids_str: caption en
2016 P Theodore Roosevelt America The Beautiful ATB 5 oz .999 Fine Silver Coin


labels_ignore_image: [  -100   -100   -100 236778 236771 236770 236825    593  85791  51246
   5711    669  16617   9928 236799 236743 236810  16109    783 236819
 236819 236819  30794  18663  39936      1   -100   -100   -100   -100
   -100   -100   -100   -100   -100   -100   -100   -100   -100   -100
   -100   -100   -100   -100   -100   -100   -100   -100   -100   -100
   -100   -100   -100   -100   -100   -100   -100   -100   -100   -100
   -100   -100   -100   -100]


preds_ignore_image: [236777    786    107    465 236787 236743 236761   4941 236761  51246
 236764 236789 236743 236743 236888 236761 236778 236810 236761    108
 236810 236743 236743 236755 236769    528 236888 236888 236888 236772
 236888 236888 236888 236888 236772    528 236888    528 236888 236888
 236888 236764 236761 236829   1056 236888 236888 236888 236888 236761
 236761 236761    506 236789 236888 236888 236888 236764 236888    506
 236945 236888 236888 236888]















attention_mask: [[ True  True  True ... False False False]
 [ True  True  True ... False False False]
 [ True  True  True ... False False False]
 ...
 [ True  True  True ...  True False False]
 [ True  True  True ...  True  True False]
 [ True  True  True ...  True  True  True]]


labels: [  -100   -100   -100   -100   -100   -100   -100   -100   -100   -100
   -100   -100   -100   -100   -100   -100   -100   -100   -100   -100
   -100   -100   -100   -100   -100   -100   -100   -100   -100   -100
   -100   -100   -100   -100   -100   -100   -100   -100   -100   -100
   -100   -100   -100   -100   -100   -100   -100   -100   -100   -100
   -100   -100   -100   -100   -100   -100   -100   -100   -100   -100
   -100   -100   -100   -100   -100   -100   -100   -100   -100   -100
   -100   -100   -100   -100   -100   -100   -100   -100   -100   -100
   -100   -100   -100   -100   -100   -100   -100   -100   -100   -100
   -100   -100   -100   -100   -100   -100   -100   -100   -100   -100
   -100   -100   -100   -100   -100   -100   -100   -100   -100   -100
   -100   -100   -100   -100   -100   -100   -100   -100   -100   -100
   -100   -100   -100   -100   -100   -100   -100   -100   -100   -100
   -100   -100   -100   -100   -100   -100   -100   -100   -100   -100
   -100   -100   -100   -100   -100   -100   -100   -100   -100   -100
   -100   -100   -100   -100   -100   -100   -100   -100   -100   -100
   -100   -100   -100   -100   -100   -100   -100   -100   -100   -100
   -100   -100   -100   -100   -100   -100   -100   -100   -100   -100
   -100   -100   -100   -100   -100   -100   -100   -100   -100   -100
   -100   -100   -100   -100   -100   -100   -100   -100   -100 236796
   4012  46911   5587    535  29117    535  64948 236764  29117    535
    640   4751      1   -100   -100   -100   -100   -100   -100   -100
   -100   -100   -100   -100   -100   -100   -100   -100   -100   -100
   -100   -100   -100   -100   -100   -100   -100   -100   -100   -100
   -100   -100   -100   -100   -100   -100   -100   -100   -100   -100
   -100   -100   -100   -100   -100   -100   -100   -100   -100   -100]


label_ids_str: DIP Plastic Matel Towel Clip, Towel Hanger


preds: [   506 236761   1437 236761 236761 236761 236758 236761 236771   1340
 236761 236770  30495   1910 236770 236761 236761 236764    568    499
 236761 236771 236743    818   7632 236761 236770 236770 236743    531
   1340    529  19448    568    529    524   6285 236761   1708    989
    624    624 236761    496   1340  33017   1026   1340    506    506
    597 236761    624   7854 236761 236786    529   3321 236761 236761
 236761    872 236746 236761    529    529    531    496 236761   1437
 236761 236761    872   6285   1437   6133 236743 236761 236761   1437
    529   1340  19448   1340   1340 236771   1447    872    725   1437
    872    529 236770 236761   1447   1340    872   1340   1340 236769
   1048   1340    568    624   1340 236761    568   1437   1437 236761
 236743    531    138    524 236768 236761    531   1048 236761 236761
 236761   1437 236761 236743 236761 236761 236761 236746 236769   1653
  25119 236761 236761 236766    855   1340   1340 236746    875 236743
    872 236761   1071    529   1655    529  25846 236761    989   1340
    669    597   3223 236908 236772 236772    529 236770 236761 236761
    529  11747  30088   2490   3746    568   3223  11939    989 236770
    855   6285   7159 236772 236761 154450 236770   1910    597 236770
   2448    677   1983  36927 139184   3223   1437 236770 236743   1026
   5053    529    677   1655 236770  49637  44207 236746 236761    971
  77173    569   1784  85194  28720  10948 225414    569  88983 143097
    574  33857 120920    684 101261  93985 238550 236758    642 139325
   1655 236770 236770    989    746    746  40559 236770 236770   3637
  56906   9869    109   9869  65860   9869   9869  93985  93985  36085
  21297  21297   9869   9869   9869   9869   1437   1437  37411  37411
  29891  40367    109  79435   2320   5447  87126    989 166436 166436]


input_ids: [     2  21151    696    107 236796   4012  46911   5587    535  29117
    535  64948 236764  29117    535    640   4751      0      0      0
      0      0      0      0      0      0      0      0      0      0
      0      0      0      0      0      0      0      0      0      0
      0      0      0      0      0      0      0      0      0      0
      0      0      0      0      0      0      0      0      0      0
      0      0      0      0]


input_ids_str: caption en
DIP Plastic Matel Towel Clip, Towel Hanger


labels_ignore_image: [  -100   -100   -100 236796   4012  46911   5587    535  29117    535
  64948 236764  29117    535    640   4751      1   -100   -100   -100
   -100   -100   -100   -100   -100   -100   -100   -100   -100   -100
   -100   -100   -100   -100   -100   -100   -100   -100   -100   -100
   -100   -100   -100   -100   -100   -100   -100   -100   -100   -100
   -100   -100   -100   -100   -100   -100   -100   -100   -100   -100
   -100   -100   -100   -100]


preds_ignore_image: [ 44207 236746 236761    971  77173    569   1784  85194  28720  10948
 225414    569  88983 143097    574  33857 120920    684 101261  93985
 238550 236758    642 139325   1655 236770 236770    989    746    746
  40559 236770 236770   3637  56906   9869    109   9869  65860   9869
   9869  93985  93985  36085  21297  21297   9869   9869   9869   9869
   1437   1437  37411  37411  29891  40367    109  79435   2320   5447
  87126    989 166436 166436]















6761   2800
  24779   2083    496   7744 236764   1977    673 236751    138    568
    138    563 236743    620 236764 236764 236764 236764    563  80866
  19965 236751  71110 236747    580    580 236764   2660  21297   1298
 236743 236743   2561    579]















